456957
309683
521680
175062
119104
152941
169854
168772
309895
171413
763207
355114
156505
138145
208915
649352
311739
106939
385802
125371
167151
201775
161104
375149
107035
215383
129708
375448
151316
1544382
189447
512992
296625
114778
110304
381656
183126
106396
752280
125943
137612
13754627
243910
163601
246164
100353
579769
158147
1347507
276913
104012
250785
103667
320558
708469
601084
237939
103982
180294
104269
361485
203396
209945
109776
103881
116612
177590
320281
157222
104424
407382
207017
228192
116636
575939
248946
381925
201903
160580
182010
452090
496481
216243
123039
129641
116891
134783
110011
158500
843099
111332
199929
108167
331619
207518
148331
297898
206412
137349
218700
